20 10
10 10
5000
394408 338585
796327 710554
475079 207481
987412 565649
301249 432976
966193 161893
980533 30536
421827 642118
473803 338031
680097 851909
526311 962372
138696 954134
490333 930954
349868 777345
603838 588285
506941 326926
153104 709810
188113 217675
319397 62603
432255 548178
612555 389632
815957 49724
8174 244241
312214 684374
238204 117582
112142 538852
55097 2114
979538 93354
377392 626387
496271 405528
791426 958428
863770 200375
320186 584514
942901 367103
335598 318695
293223 587529
318441 805029
471198 781651
642978 65388
212376 368934
761287 312768
633638 419504
503532 826376
493133 404536
591781 874395
637558 152842
978016 366884
969418 804718
165452 266468
431981 376442
158972 116293
337857 454128
550736 715497
207396 490261
681311 445082
633941 803229
119319 43465
128435 46637
205222 635036
417978 84056
853527 626191
498356 665637
409970 601789
437099 729547
813493 739291
505026 506458
712958 768719
643241 921620
177285 115521
444288 325807
171303 570506
972013 662898
774916 403076
22826 505380
465481 628404
937417 930019
422861 671240
320474 107510
123089 941994
664292 567327
329608 744037
632809 870871
628115 220077
949581 256630
251052 694352
852143 61570
226975 555667
333908 682178
541955 593859
360773 416156
656113 601453
452144 336064
335953 384669
613292 192409
308969 51462
826930 518629
871750 822952
969839 138567
90749 938409
979725 926128
445039 930018
962931 502482
216099 539171
150333 407708
375623 220348
590374 809450
228559 590991
766722 316391
49662 246984
936434 587397
185748 245522
137783 347118
122349 658477
278885 470341
182435 927083
884359 412563
348499 870728
675363 144159
900893 790687
922953 303893
791916 377243
667559 691500
405641 164304
830379 306980
131134 535150
847084 655861
601714 623932
209169 493605
750399 25284
733103 513017
182185 2515
134770 577795
645538 461668
873907 282077
863311 749439
175668 958842
178863 915391
944172 901040
931882 51416
878879 33429
701864 312330
590885 31122
711651 333958
130684 846255
711858 166942
78013 950028
251056 274298
725645 107804
384128 969960
361754 13507
532765 958189
89036 532535
807610 592766
324317 87046
568443 744519
350881 733437
200799 873206
984300 621333
960184 561406
369090 847564
205205 665622
180019 918298
834017 846465
72268 164218
379850 361502
798139 286603
427977 996841
621101 281717
211282 728666
162301 176240
883458 80882
404772 958827
408915 172925
4318 422767
341979 676761
834106 210811
967048 131384
295426 312805
773721 356875
548820 392850
870495 934500
292923 225813
200430 343814
618384 576972
789998 500430
918264 789512
876221 557997
451218 305879
927814 231041
106573 837960
898041 129524
622603 263513
44906 673179
643199 901101
904379 163544
179541 589272
309656 160524
682799 675988
98268 192598
488822 534114
644954 340559
557719 887027
254505 651213
468691 900268
874716 779129
552892 849614
896730 676087
403400 191403
92584 513138
831595 589567
500055 105998
408084 820332
363171 117619
80616 276262
119098 676047
783336 302838
184237 655857
142314 634846
134307 381725
528989 923482
876380 217651
971859 245811
516065 403201
758131 256788
796737 668597
582901 829139
470248 856603
575605 233130
579607 12243
874694 154706
744353 260184
930904 839874
736551 983915
605352 209146
390813 297026
970278 379905
941837 40021
71582 309120
887577 422074
27508 644871
197102 990688
284283 858598
520821 180685
325742 707893
193151 744757
528745 244815
221304 59544
282697 772148
13451 308032
177376 70726
217878 219007
522851 230450
797055 690738
616446 303148
66856 619734
931681 925536
119295 576061
517347 978919
482867 662767
605726 650830
596894 983941
679574 948839
818908 651746
828599 29407
796394 568583
374101 835422
113908 351617
135158 886887
862799 950153
537358 860920
683251 937107
312178 508404
477403 860912
53399 546786
565568 207591
767348 611289
810905 489738
943920 704850
51577 625322
615274 107042
435716 929547
95818 644275
812253 709340
435658 905999
125720 568636
543694 634141
744433 78483
231502 44343
451930 807895
385090 480540
361650 929213
500007 854868
214879 976031
499413 542542
539668 410464
592259 142583
685770 840800
585352 80832
329358 934023
678028 117228
575955 67950
113626 286103
620179 81142
231903 386205
582743 827669
105089 796199
308758 272363
38042 158427
260283 852404
129360 638452
132030 367931
549566 324843
980470 704488
664169 471210
249074 647503
303343 971873
271999 802317
647905 288454
281416 314168
393299 776295
40494 116973
226962 547152
402473 271917
472067 433430
658950 815195
69586 941568
725421 822168
660614 415741
685718 817599
922078 696651
132274 62916
136597 978600
206778 271107
876437 791509
17167 46901
794496 276322
291635 697566
127490 320278
686315 373566
19576 109920
925004 443086
191299 452127
549540 521903
183202 394687
52986 867305
93953 598060
496682 623210
156916 335094
403098 858598
27829 936155
454844 752290
161914 491094
258429 31022
748430 560200
627243 801454
936570 765915
655761 220204
689967 543772
359762 953438
488518 89834
647868 38464
985489 566759
279105 487526
701305 157129
15245 335964
650718 667980
648915 894405
788813 58507
696426 416361
882795 666
49404 808865
320897 969497
395540 970103
14518 328875
304721 864771
846436 520076
860414 136975
965113 729908
539022 91598
476910 524626
828488 305796
844820 343141
410044 205642
934600 984915
975771 408023
980892 682495
241561 795647
404430 571386
358039 382413
302468 838804
55658 668276
97563 298724
283937 553338
455792 222711
868798 194485
599585 723449
472665 884478
982827 776035
654983 834254
55871 362023
997834 946155
543802 853702
604945 772841
467679 501587
57003 237432
600756 334967
666788 401818
957430 464240
635610 384908
13892 830291
835973 100038
116861 831207
682511 63961
543886 20497
734579 835253
981701 809014
357147 570027
801473 71461
64310 255292
628598 988158
49535 436667
323927 585604
941615 371952
102742 404124
741561 282352
404014 945682
71384 257109
572336 849775
723179 994580
801295 409433
928002 530636
32881 280778
821639 30624
856489 78720
108384 269777
790935 521435
660191 496104
648792 83185
450784 305241
60521 457983
358004 300972
981146 346233
465137 619410
415685 346030
648452 98362
125837 512158
585394 511204
131508 744363
285187 915322
978733 779368
267330 114935
494530 196028
294779 389295
123750 152805
931441 367829
729639 155981
323823 597147
414799 910912
916785 640563
372274 434196
188253 516843
603042 961103
532009 254971
369755 160855
515466 142836
4241 37334
975458 576536
397551 205700
161533 320734
80572 634227
246856 68570
614365 272484
148358 527291
808958 843265
939270 92482
451047 715695
754277 565797
35392 757028
261079 201190
90114 821729
463105 660621
248015 622632
626101 659362
383493 509457
775560 85920
571150 168903
49979 219585
590195 919339
835162 949764
973923 700893
226464 451305
337593 138907
764833 713532
573788 243439
808643 785674
461495 290404
666705 645465
981382 90004
554663 729139
833940 323975
13952 815827
127112 776067
154532 215155
754685 792411
402891 417129
990985 710027
534395 904340
904201 407646
827927 988132
147019 115766
844939 316365
308773 248794
740772 78415
481912 12060
948465 680069
484832 22234
31544 272141
285211 778677
952762 375081
566545 911002
370229 899620
729782 786727
665230 869491
150193 916563
773363 139845
163069 658247
410292 536001
8591 790634
53848 817349
984969 404015
802943 505478
779710 797371
691252 870760
32100 325638
230352 912953
175618 464894
672119 172986
71723 475773
650775 6423
54446 155285
998372 99791
505013 795477
209471 915058
412056 514241
390344 955954
287731 747294
501010 156736
877524 591023
593074 728790
752565 567632
249962 560298
368288 637927
630908 668275
381731 733839
685811 399838
966156 337396
619301 32107
503766 942381
161753 671034
707215 679406
302019 568496
593881 558941
420850 714908
142853 50750
138390 732426
499948 360942
262570 271278
636114 425091
46181 215557
830985 8108
467150 797451
987648 328704
361801 219093
473013 300438
89167 78624
356655 699719
719572 328169
234288 517445
507803 659333
861122 635658
86109 256516
973390 665434
609914 453683
442752 897358
674881 564297
458932 388906
598837 714749
576138 304988
41281 428883
187023 682129
398937 652092
920725 140651
411036 893321
330143 579385
593258 889500
578650 125723
458571 287808
400838 167480
218315 616854
477570 996393
354872 213804
91861 747088
952140 861884
808699 463755
298800 250727
307794 53773
877159 855735
139647 322557
36026 605119
683579 746496
853995 736660
120197 827630
325655 803903
872043 326828
94786 800491
344909 413185
549161 698048
178556 229890
262730 343939
786471 217944
621425 709962
145712 163676
721368 295668
608877 163542
241221 826689
287324 215707
792829 520936
77925 339166
367777 773287
465072 780418
564561 126824
939303 683322
109217 580228
825955 356780
98100 441105
819140 81243
691163 488087
482260 283342
748310 792973
309050 127222
370577 939779
489510 229933
714150 37988
786218 131539
57577 394419
156786 1830
514174 673210
635651 305557
832148 934351
294083 579639
184481 792852
225361 308698
551458 625583
903909 884889
401501 44440
217212 101069
747275 470798
608421 507195
643636 953247
528930 215968
391044 651411
676172 508690
412989 318646
556099 785985
974796 73761
734454 33283
581277 664103
8371 13499
296927 892700
2868 814686
612266 673234
332606 118070
155128 372903
601288 771796
103929 439676
280504 883944
615585 203215
45485 923928
153065 424336
352793 285505
640194 117450
515370 514399
868244 79260
885306 642030
732001 355739
419736 858699
38532 69804
106030 138834
255358 626469
350242 628124
619694 467367
283303 600798
107086 574657
640373 450895
102451 849954
740501 907026
444803 541683
461313 222178
29161 723380
238476 800189
433663 123745
3718 801583
884488 605086
263468 187332
339075 904118
407052 74235
730389 177288
571090 607386
378548 655625
459308 297990
521120 435899
816550 356153
658694 562435
394187 897695
263746 110740
785249 460617
513497 74140
608726 418512
248733 917190
531763 702338
702737 609264
298505 361532
815179 405719
655131 69206
703297 641603
637970 286868
530558 328251
52824 877573
775490 804620
295797 691424
329638 913521
478196 684657
39024 688600
179910 22054
60749 949828
340067 385038
153468 240383
730902 745974
763591 460512
4559 300766
274512 702842
27786 495597
133191 34703
60520 473294
258731 135275
10411 635481
915387 949868
716828 541232
33195 342848
173574 447348
113056 213304
761129 106191
419754 377321
687117 747688
75932 986272
774037 113437
683721 646838
98852 536995
635194 175052
62903 427738
107956 100437
331239 181027
401276 346136
922568 849432
439227 43825
702626 396413
727990 99178
338144 784600
1313 941288
865953 847773
371623 726638
161842 324311
463584 855017
243034 195396
112567 286731
404006 898882
757283 825138
673814 664562
65829 112569
43608 281535
393734 408516
723122 470884
126734 613429
548886 926735
851967 92803
992082 585241
483741 131272
572953 398428
195117 725827
486736 724715
168031 233002
452843 49565
492686 719320
628336 697669
325374 872729
424747 671162
98462 105460
202992 442948
403625 365169
306308 237104
424870 992838
17919 360066
811967 209907
418805 108209
275699 321784
534095 923662
937386 777350
602526 577467
375719 157211
86244 560415
754062 691571
283459 479187
944225 987318
753857 511396
158458 682925
718488 285064
153974 382196
237011 413783
415432 939661
601218 539437
847555 834292
18203 370852
544242 47573
42186 395024
392835 951138
745613 648119
701659 711373
196413 416060
991742 632487
412458 359785
215954 740375
425028 60353
613174 776390
958048 676513
481755 156216
802006 355763
367041 644651
638376 561066
497154 56460
793242 691183
341705 890014
251849 557976
707088 959422
151362 449895
172610 166929
243692 210478
780980 398908
768510 167066
531172 828447
685064 768495
279958 540455
332912 143039
524994 390746
792698 440278
198753 876353
4683 917355
791457 988236
820690 176908
808086 442131
24219 896760
635479 524397
284128 967978
640916 565887
702411 706182
199353 102167
605538 728863
317458 270264
350755 890222
54576 401260
746790 65584
576940 338838
159119 439307
985363 760257
643017 410994
511423 695854
28756 730443
899691 18613
505829 684342
674251 718831
830018 352313
830612 739338
903943 825405
256452 269823
516291 680653
12586 485058
8052 967196
612298 210632
340884 468360
995689 766126
654098 348414
155398 512237
407453 724848
723843 883952
731296 282828
445064 990442
400386 495057
468507 64571
757337 978064
549920 595011
832364 638290
808444 919341
144902 215879
990224 887282
746015 755637
694888 578690
521922 121194
480751 842797
306549 11124
293663 790980
260872 544544
85892 549663
381027 316133
860259 241443
519682 531083
326549 929371
924176 822063
191446 233956
560192 167311
470 947053
844256 322352
35556 628692
86380 632044
898114 6691
762276 64047
449006 908516
545792 994520
203223 146803
473023 341489
155182 563099
789466 978380
446852 335712
695730 101097
306668 847876
466989 307159
337038 171404
898593 626325
241420 118572
122477 171101
776761 761466
378250 116020
230357 437360
635870 439277
512212 970123
655834 548380
539523 909790
317838 737857
386500 902564
783856 946504
37596 129926
536684 963557
280177 120284
55954 96323
16454 142361
830542 707874
522239 441662
418331 386724
339486 186525
58265 323755
363224 628908
236607 432512
535604 142456
438294 564213
33880 753011
517504 776740
54933 253425
479671 954580
448015 9145
296978 441044
121416 835774
846962 801766
428800 997672
847333 920380
546849 106360
522889 736499
157835 952345
699053 392568
971000 220037
586019 936661
579100 695351
610972 893002
458637 371097
335553 368008
463532 836813
179487 24499
194783 351715
436403 276254
759969 223613
106717 500861
875790 29399
243191 585100
549410 98438
160430 576435
17633 48704
771247 678188
645910 510566
955689 257558
305546 576752
240903 867009
296607 384602
928239 602536
760366 369274
463784 539095
533820 642725
291242 679448
804618 382535
561170 780330
177026 625098
925006 437205
255630 869623
48607 649158
789532 464222
357131 855839
305042 428691
887745 740150
7845 613745
817395 119020
789466 811039
908377 319639
579011 953628
604475 714660
648934 938527
934222 215724
657006 251389
446566 672481
339961 310124
505658 235775
811066 723673
712428 862515
840580 219452
441068 722600
345866 706056
397335 226108
850257 494387
608510 363928
577165 813267
119704 33494
665932 526533
91909 602505
311465 343822
838372 193432
812449 875065
131955 899186
151046 741992
280059 77434
128281 983798
845988 33643
522308 581012
871036 574870
732068 283186
137541 870304
208458 56994
521849 215564
103654 173621
589883 458163
403017 965774
608526 360049
270639 838116
836362 213785
835625 655992
877602 204459
815076 138043
994209 500463
136154 251193
52882 348367
267396 946269
120958 526861
134606 452332
517808 475735
830675 820617
949698 943115
710260 940342
425099 469257
313344 267768
592007 640774
914559 160954
667073 843270
615584 703096
516602 40999
159736 231552
664809 448045
990099 82253
271588 452924
796577 749998
374969 769344
896181 767767
105443 719670
669151 151908
771634 96634
465689 386802
954954 570086
431465 601022
60942 513001
36283 210552
818954 444293
144574 374016
932135 183938
474539 815753
394880 50285
245171 676776
93236 245726
318988 521578
918517 80726
789064 300750
300296 501704
104789 799856
296091 914948
531597 66030
504574 98148
751835 574802
615498 244653
103992 973050
938359 999601
482418 964851
602751 774620
64527 609903
507903 285868
838487 215098
455519 819625
536254 922891
684098 849831
537111 706259
345406 693500
342299 958095
380195 478334
997060 626010
32038 269631
703252 16332
457213 435687
29435 244535
73460 495273
916047 455377
359437 946137
168432 65030
516060 274068
264592 615326
110576 681825
280858 900912
772631 435743
602159 583942
193732 11156
615668 709303
689671 263499
544497 229829
27921 322816
87097 33763
31251 286928
585558 259757
696519 223000
52502 259546
859316 969076
563102 332184
189345 141637
948194 88367
348769 812694
390808 583511
873148 588563
727346 52808
128406 497920
902826 453023
58831 850275
680732 17743
623688 980247
352503 248550
345410 530103
807639 187601
777861 964497
843485 390200
272182 320147
459979 485400
147828 906025
624575 960199
936090 9783
195422 885005
481562 811926
437579 249060
446650 726342
636135 175923
412074 404148
95001 317595
486536 956627
891796 682117
664804 868979
316244 368598
370098 216931
64601 932915
854097 915470
123619 101575
7360 687436
498649 561278
546518 712655
186553 626193
603760 33184
114084 387392
336310 750058
623082 838283
372751 855913
465834 204202
183871 32
411476 981196
851685 333031
703352 137511
606611 954558
221652 461558
423293 872895
470542 251715
758407 304470
230969 933669
212785 691866
947013 885796
609983 858858
947067 616030
823291 606784
140753 53496
27578 400971
952538 489342
285218 521246
572755 882753
933214 607706
670844 859131
814524 382594
967919 573057
616440 135526
195845 201610
345864 177245
326527 973323
335981 405865
531904 791816
628309 252660
724321 281585
843139 695236
854735 162250
198722 881053
486943 397872
729629 827756
513473 606579
586741 702573
395845 332746
950615 677313
967968 552853
303246 424764
465712 649128
259613 498988
274627 896224
861759 953393
932292 734464
916309 452498
791850 174914
361559 663935
247281 849561
905962 374249
325071 703812
490204 504514
724888 34521
341878 761661
323729 303739
9579 167099
180873 121535
55419 277053
737066 223825
587454 738222
963083 289913
536055 597770
237393 953664
785773 395886
102779 745870
639427 297981
491693 747160
727312 790759
798441 624302
855357 539233
267312 60285
792094 568266
791331 819294
193832 506969
913296 820632
275584 843215
266498 790400
65960 223444
698650 539070
576843 606667
668251 44966
556332 115373
559268 112838
983211 232325
191001 500850
711668 825655
926857 921696
941282 343518
212050 657846
513375 228639
303732 708861
851725 754974
421016 579222
393762 301597
866199 723951
645471 726808
277557 885535
13454 527290
323123 185677
652323 428878
346228 394566
581639 689292
476947 573511
131145 641663
525139 822576
939584 634519
800097 774418
729354 613670
132077 770648
807145 519299
110086 940794
318627 992056
61048 735998
713609 357401
376103 251933
571904 155870
644918 905204
20896 937962
907253 769837
505098 340412
306853 911112
631723 178888
317959 309369
934548 107243
822426 384998
433416 576393
694621 257938
62102 601126
660086 168922
523069 516970
299707 342817
687088 213262
27766 679436
283742 143567
702801 180057
746099 39565
518601 654108
880224 538964
64212 744559
704439 324942
335523 552668
432000 138550
544485 175784
894481 585302
467072 689378
519016 690197
243631 249227
23544 694361
789835 173123
47836 831833
408052 929998
881708 271167
411634 759182
895626 916298
854067 799601
191312 733072
255882 586593
788455 816726
358553 751114
367069 842559
942744 45770
390571 933234
298041 253246
595380 29491
435280 746047
676336 5631
622761 844385
228421 553677
27399 894220
557394 75756
711794 223653
580816 185632
525232 236130
611036 221879
51193 972059
921515 591849
267320 632145
258632 7973
549905 238948
275573 103151
49509 353745
97796 626882
778362 901884
385613 180091
197770 364254
724815 32887
557336 785090
871103 52005
513765 848369
749604 163408
517284 336166
111781 998494
201272 862982
580359 689001
739923 955897
98575 318329
894070 963444
388513 737411
411868 545380
606881 198398
426783 87397
788041 502178
637084 527131
435075 345014
596851 202436
902253 954016
897928 178406
930717 567006
913291 570344
188042 125586
585026 405678
290499 602892
999318 175299
869017 694891
38005 994444
419907 125861
195320 429078
587490 359848
893871 857349
70343 245848
433623 783787
913699 120672
308870 751588
49589 524154
826962 857531
684136 694378
653329 680609
431298 369323
187264 765093
67969 650707
602267 329399
168696 312997
266763 576722
905155 775602
654769 131926
999764 709725
317612 56275
338604 50776
264137 983360
612196 690971
496114 217057
176546 329544
560948 244352
161919 305575
200229 872738
701307 77651
566880 975728
580799 524703
835135 246998
582373 852557
351794 388909
199238 311653
121731 876404
301500 606936
788345 286036
770597 529084
537521 274975
485156 50278
765988 712477
639685 163861
517914 687653
303552 363868
793770 211595
318777 667594
544018 512698
880208 619853
859470 513099
650768 210109
742705 349214
274203 780390
43940 199405
265633 886117
20363 744088
966061 745376
778074 440705
890953 578305
882948 433899
519402 668259
524111 429816
425991 145621
232391 638070
958804 46731
958713 607452
746217 50267
978505 349367
28113 127625
405139 139756
789116 168482
144548 137946
684194 493324
416763 943631
480876 549165
950646 390177
264237 171114
619183 543583
446749 190417
838086 771209
598472 262235
465120 752405
425048 822644
676935 248915
948473 699284
301841 792883
951727 851692
55351 666793
946610 332483
734188 399797
320583 444341
498128 795902
976330 40730
66990 852261
337472 24769
699234 539173
802826 919369
319067 763128
233592 966280
144355 334042
286568 734623
558087 473371
236425 363865
164450 160479
209027 238353
47004 149587
955733 59987
228647 845254
872414 996553
293628 607843
767445 699151
461306 163803
877068 843028
46155 102542
802454 469306
581443 754411
413860 304830
838476 343687
248251 878831
936656 901202
949572 813386
864484 780302
942772 658081
962510 168450
115694 623942
920800 932911
364468 764397
55893 66566
469631 633869
482089 162956
514362 483759
64231 638251
399104 712773
972124 231254
952425 129409
493984 301065
41013 849078
12287 883423
336040 656522
327844 905943
557437 276597
822051 668636
35521 570352
936394 568325
794796 568120
264535 146649
398412 623050
811590 36766
910365 682235
939978 206522
291495 602438
968273 393979
253906 555931
552029 102349
139521 767719
613487 333999
161742 691803
384420 147100
977323 124649
270925 724242
972936 641750
236537 346720
332527 201478
431042 828609
63130 912246
360904 932727
981332 107147
425629 103211
802183 508123
518178 162669
53714 191925
727272 723863
848725 140054
272894 50057
128453 87564
351921 466913
259471 845468
771217 920296
51945 628938
54920 556834
99019 567044
202541 793718
841800 950032
447618 29966
668083 545340
107396 165944
744565 567296
925801 581754
187283 86361
409430 449498
255540 636653
573531 153514
852742 521094
567387 498173
908676 933504
715370 50731
16097 2806
76729 176790
562709 511691
948248 577616
787978 941829
145199 415971
535833 206364
628570 957181
607565 244337
912436 488462
806069 528832
359590 941067
548113 565214
695294 838792
301229 993843
253944 376969
987153 629415
672988 4427
615035 923422
810545 996787
4729 143487
13229 927878
754104 978128
193469 164810
872642 638233
173716 521017
344481 992061
134102 338157
885310 284689
256013 444592
339772 552683
630843 329159
390039 718278
95387 571734
447380 885166
538618 933415
145119 525696
703447 177130
896336 874966
846489 701014
129645 216197
665514 366799
284358 789551
400438 411924
846041 301540
693306 299377
212691 361097
176115 295960
94375 825413
80597 864731
764097 893449
906391 74232
974067 841559
915520 149620
386264 961453
904153 520976
725319 594273
318088 795699
387216 2467
340683 405677
44736 550019
440569 813762
946757 685185
139037 36260
921996 708895
805334 838792
737937 229754
395747 829958
571257 143011
369931 530969
547787 370151
57145 494100
617141 8233
66575 739862
44887 585277
650219 860563
311868 718622
86853 133061
417392 144462
319563 947116
602565 760875
5552 94314
254680 43233
625396 77824
629707 277644
453429 12124
339494 470358
860410 870015
819750 80939
403243 373785
183657 870006
761273 300903
505975 164203
910040 835144
113837 674472
964181 235058
43703 618967
93329 773496
65776 296912
834039 475928
526088 64424
366807 406027
520628 954320
371599 646736
176669 543445
848880 189492
866438 369752
486587 139304
67591 746518
490692 582714
975896 888987
735491 291951
336402 852628
263971 101155
745922 418648
57687 152370
886254 310117
505045 923557
975739 514975
220869 437346
373422 585382
665491 824979
333241 777696
115076 684964
139806 97685
352704 301777
434535 93450
925381 501023
844416 475089
11497 881127
384421 277523
853772 962660
503317 38475
166060 987249
106986 476697
970250 451653
380925 96521
989887 94616
981142 524017
969120 740887
509130 371434
697335 616043
820316 294021
564190 556351
237202 973014
810709 262998
100910 716439
904691 908063
273074 475852
24554 741424
288618 336589
557155 431423
327090 962759
911216 142263
103352 306027
763318 897215
174766 469662
300102 445525
74768 103697
943073 450332
865708 16378
978649 439442
269329 266539
754674 77441
697668 996004
122593 921208
248675 579258
944965 952283
189296 426473
942642 121319
935737 931314
823004 407444
314358 173635
985818 461881
999561 335591
592672 234984
452763 651643
896727 79791
405912 243515
874524 377891
48228 317164
163612 605369
841835 31602
60839 363536
88396 930177
357703 547526
871572 389861
845494 256331
563452 272352
626840 882307
573500 234174
485854 561113
429491 2870
112847 883935
278995 612428
488249 282186
588209 128270
850735 167347
356033 798309
22325 945627
128168 162973
452264 75328
917031 48857
76768 222461
268031 27790
347447 890978
645285 389678
975493 89453
524163 997023
507492 828694
424349 797249
250548 486075
626137 918934
590646 107255
926546 305342
313802 886979
263365 805385
495868 667441
91874 792689
774321 500712
421673 136841
649891 807544
27385 4392
868484 767114
915582 611799
489533 373699
33968 862783
442814 372365
439819 343059
935410 284085
590907 185420
178151 236572
319690 518027
119671 839290
509329 2478
938292 222716
27486 239390
793840 40589
862929 178878
995697 116617
517101 181686
712721 270572
971278 589898
152800 875545
711587 851240
898563 683797
517164 816580
797210 834096
297704 795989
961727 770962
704975 736879
496457 78856
986722 808204
484056 664110
273583 651180
579167 883332
754760 234291
737721 346114
416125 442261
23053 904412
127250 686009
152840 895133
522646 12198
986118 572658
124160 634339
268549 178653
674405 958731
415232 532349
715188 523502
797682 956708
998035 544389
5350 127301
840224 150244
589693 398432
18 459521
802597 466744
202061 331233
244320 266606
972103 224885
880487 919192
997503 372315
380876 6975
148538 387351
843456 611158
20480 184828
311507 831131
496575 239669
5925 113486
851855 710345
509061 497831
544692 338877
227232 142752
464533 658147
518141 979471
479542 753158
296349 131466
325685 121492
653067 431749
826175 562912
307855 694906
291358 954017
132300 811650
838076 173171
91505 864275
326342 392424
738560 98308
374482 968253
704635 515035
315763 691514
812519 728874
898126 435291
7327 434471
293428 171410
216807 9605
575973 852282
756875 966513
563004 41094
913047 313710
486194 976781
987592 16963
526957 286663
827177 423107
24996 306438
898346 200897
421070 780297
685962 810937
347717 365603
769106 643554
763829 941129
461239 827971
159102 690543
904385 562428
140592 308242
378025 201286
466914 941851
707512 577261
579443 891183
700312 115084
865524 177176
361374 551349
207644 303258
288482 845661
353338 438678
90985 329683
301495 625469
847715 984578
360352 22056
399903 148405
220044 458638
177332 375121
524017 18974
60853 97841
554605 197462
99817 674980
398432 523501
227602 421879
439042 917782
76280 325121
748291 975551
568894 715294
273423 190459
956805 348478
53358 993572
480814 122699
357546 670486
545814 770348
331509 228190
512858 716825
797170 772461
356840 273528
772316 716332
271370 390144
506841 298850
138680 836137
55350 972054
336749 938182
810827 819768
693991 361223
150482 25853
302106 27197
454123 74158
749793 999685
673520 280485
478882 562674
737851 739035
824338 279492
521995 217636
123882 245348
196298 851774
739478 882534
299686 745412
187405 907939
799538 830082
827596 84322
566080 311848
42839 550220
163192 464368
698907 745036
863156 234156
518982 275874
104446 912710
789054 269814
311098 271548
369156 904415
301900 914334
241904 828475
489625 401512
887624 701218
178648 664855
396560 204476
517148 516800
927302 502116
431923 807293
790755 698697
216071 478934
625220 40343
208012 719436
907673 754160
82282 710793
139236 698339
167106 799751
663549 962839
488787 12699
529529 449092
82683 644146
621285 390376
812299 699533
941143 473070
470313 364181
772274 500718
872668 618868
305325 154974
70230 554007
879196 808519
745516 969636
771678 495028
883765 615391
832826 414566
251571 713007
482189 580546
442711 164454
448529 620409
241477 453148
328647 365
357391 106363
415235 920038
165181 995989
397266 935419
596694 533150
406329 1606
832828 637593
832805 918191
48127 638286
752552 634738
425122 341438
457177 818576
950546 271227
3069 679515
485715 743544
737564 997508
976307 93244
365760 207365
604768 201587
687852 708706
169500 279770
238848 895810
288332 243843
630441 876674
987919 207555
766277 957655
184566 879939
106455 539555
183322 121495
936695 347148
964703 632078
948657 170954
551661 333290
300646 862651
494414 191324
945119 105539
823455 862885
983524 28031
50131 318013
868167 633185
940288 863053
725743 626671
350753 576819
746913 677014
809371 219792
152070 817794
204470 928892
863571 21108
536619 365743
974009 369813
128843 797247
675154 455358
710804 416232
72371 232126
785238 736337
319215 807700
286696 716876
89582 146155
129152 391934
387147 799526
62430 913324
253616 195097
736989 631999
799569 412757
674993 987535
128209 600958
385671 39558
662284 484749
846669 972423
370587 557488
950165 143815
878270 24982
664307 613737
21505 942611
323570 183786
968549 476369
647942 117802
852836 710255
578370 739325
722425 170549
228533 560816
666500 90452
550674 795325
730702 553076
144704 386871
839929 511413
537711 688548
922428 825883
253229 571332
275371 486320
962514 220385
886356 144223
27108 328645
300641 799294
991496 179672
795309 101967
639940 327631
483314 87528
203311 254623
609570 67965
225786 31606
716854 880597
385459 864403
958522 270125
263365 908103
690769 631350
850213 17356
99420 557057
439563 775520
656457 378532
221990 212532
820371 399888
60659 798132
663584 139814
61025 257579
169577 237344
208872 157018
644768 234054
779698 889501
622495 693164
576321 535606
980430 249812
813973 834505
222759 126974
94685 550973
974171 2533
972375 418212
298775 23618
142748 360770
239203 786009
350997 336266
799993 45221
664334 565429
885889 682264
873451 51780
345219 225393
9923 126447
876461 543584
256139 948805
626282 762728
885682 56492
784950 661196
503076 463304
524411 375009
6647 74571
646936 335359
887949 692557
173753 757391
764523 527777
719531 254674
435995 760898
379173 276296
85248 506597
259132 409929
625461 980732
33262 518518
870010 40144
970249 480486
457364 939419
361808 737175
815133 784774
37045 620305
635985 543712
471326 392858
224086 591577
950880 609794
780189 735331
562095 984199
669662 714794
339911 310786
437476 181025
884006 569827
206978 260155
541246 96872
686531 517500
886643 637148
201557 145582
958468 788982
100419 760643
214010 808975
100551 330658
804890 440910
30838 37544
215943 401879
685160 609753
663165 148640
167711 785263
766527 82610
591519 196691
837964 604725
194473 399796
917320 6921
152513 486636
490973 995054
814860 324882
871187 968861
550507 735294
982146 464422
998015 629178
51286 639026
480608 742430
280724 459318
829245 885537
946034 688489
300124 882072
687792 32116
74982 91732
590315 913959
529499 992831
541115 480280
739610 809284
83169 16701
623187 390362
116458 685753
502478 184818
329319 70974
936602 547477
407566 696279
736288 120111
254229 588541
355707 442530
572871 34269
423966 137255
894806 736481
917184 823564
952024 495283
930745 491215
481088 309365
262913 966234
982027 614537
396989 464131
491161 548602
37783 918003
451872 559505
731298 179171
4087 494004
777020 865187
279846 298004
533759 841624
638054 552884
47544 995134
173335 14093
599727 69245
364986 329168
259778 493114
736467 137350
731954 757708
616338 553485
216342 891806
784435 752790
270446 225529
547360 392666
62721 311832
966970 165018
575288 210656
856910 219775
694221 786041
715551 233414
396119 440712
416247 200191
834944 431399
136960 548627
267241 626525
385510 397530
85752 994712
998633 756979
778159 617774
133013 482555
742294 660979
37508 109334
57609 614403
863816 616202
233403 57087
951684 261649
111890 438726
960846 535460
227285 727853
889635 759449
548911 510383
547029 216380
568926 823706
202255 384528
851879 879848
512263 764297
618552 344071
310141 317445
53776 588493
943546 886054
812409 831763
802896 242023
317498 32191
565531 251060
620230 641619
664261 679773
602809 425584
858373 883743
882590 31516
492940 931171
380018 399935
386794 224903
854821 71607
91174 991147
591912 63349
891390 227748
219267 133956
193017 394950
7486 196974
750280 666090
973274 9079
217989 606072
740630 935511
407153 640681
247733 892292
792267 259933
468864 336525
682956 281712
478268 520246
35610 420542
846174 590659
364149 802586
82194 890272
424186 200505
903107 10208
795199 968020
626235 924787
655942 495104
317169 121529
720316 561370
471908 461407
275316 668879
593111 953249
428693 360596
828634 925580
26771 280531
433619 289582
241742 828732
471296 750420
432645 85178
802294 703549
792316 613947
48617 716964
779110 364087
566423 673376
451927 210182
729931 601554
564114 192402
911324 27523
910262 837726
389364 807460
238511 3561
874699 606422
935426 10726
772029 951826
110758 925209
381611 627645
34641 205416
273826 292030
637970 126065
632118 576630
216606 226281
682761 728884
112698 876255
500595 444199
432885 684780
731758 711184
138418 508813
322620 294353
312911 592771
133308 974019
542432 233954
262489 817238
396418 928073
907371 937535
273045 334698
633485 610187
955789 392816
335292 94140
830413 79045
916698 974613
964227 784229
313794 588730
786668 520219
668620 805077
564865 486005
21824 101962
309901 238588
168902 98812
651797 670465
943543 885085
45633 971564
134314 346710
175453 350689
884719 319939
351606 949476
980978 111733
330558 25605
761178 69554
136871 633252
813542 673447
420314 426149
727176 864091
394673 578401
846753 645484
5202 718056
713285 796597
957566 793813
663131 14696
447419 904759
383011 871905
379654 272880
763818 459354
497844 249385
242524 107565
474199 613076
956297 664872
762825 255686
48252 232463
759487 746318
368623 690138
549324 108273
534813 239454
496618 620602
798801 796792
989465 925332
386755 211543
467584 579539
193078 196956
181579 275789
549996 343070
849184 591536
395945 508460
806972 454998
834696 178756
601249 11321
512720 701355
920231 287173
431798 29329
243726 565200
593972 448420
210634 597107
282564 647941
443029 299180
465538 889941
410773 108970
916033 859906
348177 51401
183112 608749
601103 135949
371315 94731
930890 534382
595800 195626
933551 613263
894023 422571
121080 146369
221581 281240
356053 137875
714288 559877
594871 204821
491304 829042
908991 984658
747908 639385
722641 232408
694461 92290
794153 130231
363599 705753
671184 463302
476084 266527
138208 568464
285432 454644
919276 302542
628145 883919
515084 133084
662073 357349
677718 865969
432523 490859
13934 295177
67588 158220
787668 910299
965142 356689
394157 887056
20627 14316
922831 842224
806716 774188
409463 279791
599694 824211
329297 713503
722222 445454
154301 92733
590047 51372
24228 797474
682925 608620
161417 161451
300248 775178
604934 789961
263664 198818
921809 401363
163840 659259
462588 867891
714175 983157
895482 238376
583381 475007
592957 638407
38607 927254
967316 435657
792048 68493
389621 799551
270916 722195
976664 206562
99869 748501
332001 248326
648942 404012
58330 216449
525609 861841
164166 356154
230142 563087
97263 750893
874925 890970
389198 88892
533232 775876
689638 209946
116860 273108
674637 72793
113461 467339
863782 958138
436027 989667
306494 230442
734245 138818
785454 470963
590494 863745
62050 923389
225014 657783
341705 401158
491274 692221
355533 844621
162181 921405
34316 894841
344359 417139
328144 941829
623280 148511
605455 678833
409112 180231
838620 739
652437 779996
466527 298894
335442 331748
778515 985377
778529 43183
555135 417679
53799 418579
94030 721517
492932 20271
426875 456515
299568 52012
701525 105864
940900 5785
536803 560769
859684 681898
829569 377681
529100 501113
477603 983526
909743 580350
505638 539463
837198 457806
991384 773537
46119 562336
338349 782772
170509 797284
234021 68039
353366 19878
197451 136403
525974 357831
485418 384426
49435 211494
787017 866785
525655 846457
424808 559869
837719 198433
938247 579584
762740 87535
961213 293744
367302 679268
628710 791715
205188 754958
967794 367554
716988 937113
243045 313067
810419 947349
618733 890281
380376 411268
802252 594375
111348 342820
124056 383092
367048 157808
893612 987908
15232 406681
913316 304242
788851 601390
200427 951601
706396 137655
645415 682123
449629 110838
471155 463917
606330 577675
595415 767084
597623 316771
849430 719879
763656 382960
640215 234687
474536 360354
986761 920336
184589 735746
818829 317020
589969 110946
693438 689934
4316 725674
752632 340721
640575 831490
915647 427624
256537 242493
536040 737208
17454 263989
779386 555069
515378 58838
266541 726701
79162 775067
152604 768564
965040 564987
666389 95628
514816 567171
728270 830718
726677 36928
19393 758347
310823 103819
616769 408670
731901 884492
23681 53677
534862 519553
215135 840716
934816 180419
750847 184842
950550 819033
626847 918432
768226 901961
572523 123856
280901 842977
870047 137076
119603 847837
942043 183134
729223 58124
301635 72429
623537 821018
361934 436290
516950 83913
127950 853670
813417 480571
657727 384300
732334 669904
458199 622410
697749 156431
116574 597432
100331 56098
831636 356148
920091 284451
215506 167286
949143 460048
283983 744323
89280 829285
561959 962134
301626 909868
487693 360885
182002 181632
120025 909017
611455 489676
804392 769716
749144 732188
398784 823849
739338 852682
432029 171705
970605 820232
52794 968476
185739 759124
491960 18583
233316 319374
736484 427197
944415 635577
40454 790382
685875 183961
451526 924186
480489 810598
372279 994747
960303 773765
108120 756099
320226 321111
686456 605063
16039 283734
389635 547139
896023 753505
116972 288812
450609 90139
830877 220007
369443 256107
534337 687494
948333 355885
906735 56128
449704 376023
87467 953296
314592 346242
681805 763867
183624 47725
562738 275605
189032 346750
973845 601255
764652 543750
327471 796194
729516 476433
259630 712376
984045 773737
405972 443121
425609 184698
307168 287476
966049 97454
109863 483733
87861 255947
636965 937628
978799 66036
144469 108665
86957 556659
687656 294586
524979 90257
36459 441498
650078 301476
390670 29408
752633 281978
352306 52036
766849 558180
965586 425866
480344 173967
481865 495932
437540 959649
30068 504450
234854 339336
500947 409671
920442 915219
755007 298006
559286 836055
142689 585778
987138 326838
430632 933756
418239 318170
671453 833052
447381 743898
618190 663857
27077 575486
889900 598946
692285 522415
451307 367797
102623 334541
526982 823764
851978 902113
679822 588204
505684 920631
931869 574992
8138 203575
588696 80235
703965 571829
976157 663102
667913 988131
915892 136167
209328 264022
839203 350282
659820 928133
212021 692978
40931 74705
220813 573124
787059 400146
803672 484239
414393 750000
451000 191224
509508 761146
978560 396830
430507 211898
647004 657190
850612 726785
937384 473766
451554 395015
962073 169831
44917 720779
450784 423648
187402 904142
590579 805009
164186 924119
324297 504115
94127 155198
644471 585650
291957 363283
315731 457556
708544 992319
55542 891616
910105 954419
815465 430971
836231 820529
457141 246883
313508 118480
375715 202122
526852 140326
243271 422547
93000 707466
137090 98772
920142 759331
330599 922266
742974 643412
449284 782239
33263 842348
463167 124995
312627 967931
771241 151644
712122 455452
324307 38230
16854 153860
874697 708808
530779 452683
528390 329061
206435 642842
772624 588535
265073 937219
994458 743645
31040 870227
120809 223359
570463 184446
443917 273360
679659 771893
50592 766797
443818 530044
720827 990466
520872 88228
973951 662098
399489 227134
262210 462290
1125 328002
88290 877620
701331 930606
733883 493033
836309 914655
16195 837124
990431 707207
672817 517588
623651 779686
757917 305007
801547 568999
475956 949158
406108 582127
420982 826962
975544 147132
280097 978017
329326 922724
660548 326872
793493 745148
450749 622050
336228 549921
76909 769530
654433 824666
379916 140231
283263 683691
537829 247296
663723 907179
808166 253007
723207 672091
572398 469558
152538 447148
180912 377204
760160 596051
54396 280066
178511 253768
470262 904770
599425 425074
491691 594881
350665 850789
632986 119856
553175 550815
510534 951312
547283 902957
239316 797716
475884 910424
370026 823795
204122 191797
938099 363109
560438 386619
473910 427238
627458 254743
83936 958282
640038 906401
481546 379330
291632 530709
544223 349937
181019 211820
519691 736077
356488 302131
940904 705044
483984 793167
776358 147246
965550 981574
408272 466245
90775 192035
823952 836954
577050 192059
647827 707414
731337 230331
996813 595555
746523 580933
834023 692592
73239 3487
838930 149599
502850 910684
179618 784429
456916 441283
970426 468660
556369 51943
411470 16855
451637 60229
688419 82158
313460 817509
856477 257685
92270 761563
739076 779241
934271 217886
664043 846893
899748 49467
558851 266290
81714 756352
891727 393787
37381 12093
656005 976191
347902 662636
413097 715458
68758 460593
109179 733912
418851 792139
938166 154596
766970 634156
724759 393744
746820 522640
116264 817508
134705 400978
265903 194102
92034 890579
564730 782237
95049 616695
753334 853641
346281 624075
991070 942360
330345 150817
406324 253332
243783 670054
179972 71263
756497 429780
88203 263767
250290 521320
539667 137772
887391 914357
857367 22195
996785 717518
991424 837987
211148 317309
39275 812843
88577 293597
612940 561410
306305 711107
51368 442898
306904 377516
109552 975897
21631 399604
916513 584903
873227 865043
125567 268794
290813 669217
858457 125673
945660 387343
555188 736617
464307 657026
180148 626849
389680 879126
75258 401581
484079 72998
537972 66644
26173 399462
907809 104085
416884 419345
69962 109758
380102 957769
501207 42145
843008 569021
806696 253853
299133 283235
90840 72235
926130 63452
362211 136820
748845 720364
182297 176780
930934 794095
507478 305685
202554 840491
977420 655061
817356 758850
363426 111925
870153 883284
708719 545451
298455 638392
338071 908710
84966 425830
187489 524251
917595 989036
416143 339497
728886 30245
259272 80648
527327 880054
203786 951793
842495 759006
170097 602814
213905 147230
591582 258645
740033 855586
544804 767410
446222 193274
505525 954822
712605 976923
650775 305086
780639 5936
113076 141742
642985 721094
735572 647951
600348 718498
975034 16501
25652 595371
991710 317368
857930 228501
94979 208446
833071 597443
357700 595555
148805 372495
57894 31127
914795 621325
190688 662132
728293 271887
189296 375383
387393 791847
524081 939299
332551 839536
451504 26571
197268 803727
318819 672522
340947 510733
318763 105251
134273 322864
127623 353455
918935 280746
462578 206238
934113 538049
420283 257681
924608 107163
376685 985835
576582 628947
830099 415725
736891 482986
868324 588485
379777 957211
22407 623941
350055 718391
340539 949374
996654 985594
468818 633331
703812 608819
841324 135541
693564 664883
820762 199271
748634 747428
200255 478558
211398 773365
836772 360954
177028 885338
263230 922077
488965 669898
982341 748948
271451 780688
636530 858043
936932 282150
98429 664338
619399 73340
650660 874170
64841 655348
111816 300227
518441 990855
529863 222970
781921 45662
948870 681550
48816 323565
840302 709313
532266 25191
146811 670455
424408 551352
289410 833175
624342 231566
966040 187153
624780 888249
329575 455109
169382 862892
836794 75300
757302 474980
768942 862493
1767 621141
434590 716644
138231 801221
551335 871717
219348 67096
240843 726982
212281 511699
688748 161789
465212 277577
708164 912067
446268 562577
922062 270601
610624 596569
210218 194113
871016 860336
486071 350094
157470 308600
248306 64883
287500 709331
107850 99639
650814 188021
371580 506221
578139 989166
218925 265244
648993 754653
563296 124204
861400 387189
898910 835871
525720 977193
326987 408342
833417 570227
111229 900493
555037 777609
378884 821175
875133 772913
397661 817650
156674 837461
83627 761633
543465 299795
15978 101406
816975 325597
505575 888861
542608 871350
508173 173631
962114 478731
875973 59432
642232 226377
476902 265479
251408 274226
775854 945629
483607 627938
982118 702313
315162 753651
695385 252928
968635 693524
683758 39890
826314 22090
567659 682725
282370 943601
435027 622996
919572 968571
983550 868127
762931 419661
698074 649131
764829 696156
639641 932045
793798 984940
428012 875492
322878 878249
354874 234413
473213 80664
265024 388818
569162 535416
682532 305703
562471 20118
727595 638888
932575 872892
259160 282076
24358 72202
273746 16019
792664 328690
632978 395334
798032 862509
842845 86613
823464 197873
378304 670158
647716 229243
876104 910648
844091 475702
594897 821776
130570 766041
745433 538709
525121 444860
362039 107197
591206 145263
105027 519822
371216 113308
69288 946528
452965 816705
912935 156427
209070 616759
221549 118563
605481 323659
567505 298737
409571 818517
991853 660260
408245 519727
199669 653948
795004 139076
55104 296839
183137 682032
656483 422128
580576 945675
130454 401720
839622 12967
624187 893806
345118 664651
285833 790506
315613 699247
927301 929420
739144 547237
737926 104474
786244 546756
514436 480193
450886 788511
397238 934005
979757 235153
905504 208770
689749 458546
940674 231044
587608 689686
492058 649392
259156 738855
682595 269621
179419 974675
771301 135128
251403 39766
766485 669671
622067 341302
260212 328300
222017 252258
422273 817821
841881 870025
724165 419256
35199 12510
77655 149282
473785 541269
979578 191117
214704 437605
746986 564186
266549 719887
222892 9641
392733 104499
538279 568460
440943 664301
569505 162875
6439 870230
10146 563019
435144 964219
926930 163255
179112 123145
273921 763599
16615 644651
292598 470530
450782 221784
902156 639336
407170 875378
939113 139964
962280 362590
936494 629245
383401 860599
342006 213563
458637 487577
512385 339181
656748 728867
274091 703912
120070 13639
174833 119319
937241 738187
953802 715953
931014 899924
548130 731975
319537 401886
425203 787383
948454 317341
417842 165620
518637 49652
856772 503110
303686 509059
205049 8599
297196 128740
371382 377412
598147 102357
93484 431976
677327 763966
217970 994744
286191 159389
29443 86394
348661 620312
741437 763937
960785 85509
848448 194062
604567 730051
830230 251774
30968 326730
529104 981959
948996 213728
57836 563252
669658 792683
89777 949333
679154 880121
504856 258581
409623 904026
707255 949749
919163 666363
328751 535567
23644 999838
197971 100667
573951 885806
456209 256361
380395 426076
936644 148601
248191 512440
422434 995590
297140 153959
15647 469847
998122 847812
548314 938397
281722 399789
683277 792368
246637 508942
936372 478836
389521 984810
512228 297260
966459 505389
369892 912508
56611 573173
79823 565940
307550 964161
569293 654909
828189 530784
873990 487551
873681 787623
232931 68476
222887 25232
880869 533225
459167 224195
734496 221848
130250 474439
491285 457699
204697 501567
947628 632149
200580 266892
372164 468623
424460 995874
470838 335680
590379 420622
45692 387288
219332 277376
95759 817808
382897 929749
302431 538855
115615 327917
21388 902289
723256 996995
588104 733534
118131 839083
822869 629540
235053 566610
62686 205476
908904 951230
183222 798877
496516 586760
105999 728431
941555 647691
754682 423439
904731 361154
388150 318421
964481 371563
210627 106793
924114 192668
717177 967005
296844 952765
993555 92839
223098 600441
718555 445390
192379 600514
345190 585965
775883 434230
752720 703867
796825 795141
778561 748295
520783 162577
8560 817402
329625 457326
223005 428625
537794 843297
687142 78864
452283 33085
393109 489969
138184 500405
803887 855200
270266 291491
492113 440339
384227 34126
910727 888611
452432 406513
359432 919520
442492 209973
759871 431164
109798 597454
388096 250896
531161 796106
226872 150139
279094 957651
950246 358130
187256 112140
337971 59162
235795 174269
591088 959692
781235 949226
97706 411535
913591 706169
657637 341502
151348 292972
339203 432485
433523 981453
463776 619435
76419 318741
980928 958745
999849 122474
595450 196919
926363 77701
462995 348336
580131 98957
794906 443801
96206 401667
315695 550295
767502 115910
127055 857844
233584 414130
178069 752402
821273 640308
542200 6881
614285 337326
56879 261069
315833 298369
76550 745532
786126 606970
378803 214720
484467 94894
957804 925790
30936 121237
690164 429061
168499 599072
308157 980394
161360 205382
711762 205080
994141 27305
563319 911812
234456 44599
968938 252085
184728 624616
705955 537833
982395 91390
234254 604697
263361 186217
883513 504560
15062 184485
546018 93151
625641 935618
502875 601172
444331 173120
145749 117175
950186 920652
11957 74640
557001 840295
485438 997455
431710 568019
206196 258340
174548 475680
433562 713108
975832 110985
973473 29031
391460 766759
35524 48774
692572 669353
33412 149799
360640 365381
479578 515397
378747 825078
495147 357554
405583 414347
973922 131452
21410 529395
655506 602254
242260 569216
392683 873919
390073 496279
441909 132187
656367 590585
986823 878538
623317 844621
282115 44165
817134 548848
250775 351443
854100 112268
7306 902908
72799 675358
526492 580336
148454 151563
645866 80134
507084 549015
794024 735855
204571 828118
825244 988670
808306 465480
221890 320963
482689 749958
89041 688758
519398 916718
874919 304887
618756 28364
668448 548765
935144 223366
692489 725941
321731 86457
352241 60398
763591 859898
221275 504665
380421 915764
353453 368108
373085 350918
72329 971258
186853 342118
576531 395980
646151 146218
259526 230384
526309 533838
499666 11277
489836 679926
621909 238743
530958 763042
402011 349469
588054 696784
190054 151633
115583 666055
528252 896266
753505 808784
516485 589574
312295 113159
125591 15090
138789 18968
962939 219210
505720 585854
358177 40604
912087 191212
7155 379890
889299 470046
24133 978001
367812 181387
432824 167659
918517 70307
283819 394556
740197 177369
825882 868056
799782 50604
81858 71275
910967 168119
801501 396562
310168 39756
887811 29241
162957 562889
758296 35656
776181 649338
441007 293738
591001 317480
892032 598112
765943 11048
957188 556739
919398 370402
68827 768393
75861 912193
626055 999226
865025 297293
773424 291964
400032 242017
979257 452868
312966 515077
354297 703360
805930 346687
169143 433502
556152 981533
741322 31339
203648 975640
722119 367166
668053 732696
368746 324338
791730 77978
402409 367419
450890 482680
194006 976099
301101 882029
1510 808753
716714 975304
914180 71937
890283 337843
530255 18458
857125 340041
326261 286601
617060 230697
435359 818155
273443 99720
902266 644281
971794 75155
921154 260565
98639 212400
64963 213361
744158 803828
805179 413588
118284 68251
713363 908932
663928 693290
930368 740470
98256 274541
519700 41131
132217 675101
835335 356198
415190 206400
930498 737627
977128 776817
21596 856201
450492 754313
532177 649811
343064 57814
5329 591788
595908 820112
898575 865441
789641 136275
861414 117188
230938 447926
668464 320656
988977 379889
827985 233254
41651 88354
542983 458890
765902 473981
681463 706401
919854 301613
547430 523821
76801 588266
885208 688634
198405 240560
87129 410599
799988 383548
759231 746970
196657 316241
921103 584233
263648 148079
429948 501897
569447 483491
843336 786621
278698 417208
494365 445398
100227 123722
577813 887019
419805 872094
438793 66904
394264 715491
612671 589336
756469 871381
959046 86168
160504 652766
618824 474026
487575 440240
536284 104921
651546 185098
193286 341317
110951 440445
140508 15705
729217 635012
602221 668057
532743 312683
633170 694668
920690 973637
748765 214498
998266 131566
430067 17803
856028 94333
952085 902721
945386 355723
305334 953546
166994 238879
252905 406282
344208 938510
221845 561403
874876 706906
650558 898974
749053 868184
200531 359878
363245 66275
111739 58969
445793 148341
450517 345346
588248 657178
276154 122146
834571 466249
767788 422924
508460 224577
586910 630262
313337 11403
414077 59002
259612 428406
953702 858869
296755 519023
902746 851061
315769 354380
510583 653983
153284 951865
493955 484859
594984 111380
144467 774144
795010 405961
734847 753603
143416 62119
448652 366678
874839 60663
852569 881217
147095 715392
87059 299580
384930 733257
480876 821363
351225 972808
634716 811551
652479 141544
986976 808629
400317 559351
132690 891577
606005 538235
446785 100179
399338 877084
34871 42969
986971 623728
101896 758479
708935 909443
475452 534767
467794 638517
683889 175969
194520 399480
489353 568591
564005 295892
50060 238711
366500 465694
14993 99906
143099 81019
319791 49107
311941 6694
314585 507320
683402 474510
503501 591789
962596 294870
977963 711609
17936 523617
555828 110499
271705 33887
415087 828256
604668 109490
551255 484151
210039 860971
224654 651789
953921 197529
533910 900356
289070 242859
888126 621538
159949 504682
307539 751258
666729 580078
4705 2282
347599 114646
961301 264695
906531 927703
424804 540235
987487 449034
37024 369843
669534 674194
177345 773034
270794 378566
639586 558247
848909 752340
820337 748545
501953 102474
74733 836490
163924 533166
930031 230178
151743 704909
925473 750253
933930 253839
550149 762407
880120 184867
691353 377735
192621 385235
292451 396179
370486 27888
21591 273261
556291 456787
36698 331712
290466 92075
875423 407965
916716 151538
782847 345864
880323 841771
908082 486578
583641 567761
556650 486218
877701 599736
492353 521694
811651 808065
531630 538216
508573 250137
642022 246824
785037 635281
878046 548263
565484 818460
849706 897239
521418 426502
754326 883290
758722 156259
989524 386476
203413 858112
140498 941652
781730 401130
294873 709186
540291 769756
559046 456513
816896 670555
229257 715411
854143 884006
958806 831109
96187 572608
64705 466079
236376 591435
388509 766665
53328 760249
758462 772493
788430 226040
3748 647297
20604 767726
928398 442041
51399 280118
406650 872610
909988 67514
783664 686224
629934 807817
166782 949230
46506 541245
209658 239973
74587 26302
638234 68277
220244 405087
720901 396160
40232 71247
988595 13228
946003 354824
64798 146731
363646 500351
958298 137217
508363 946656
684408 466589
316266 908819
794004 285115
236582 467457
91539 347890
738765 709113
961714 437934
25168 691049
318472 456985
339996 711196
684070 36651
334230 2525
601368 528041
17309 603080
33187 215550
307209 248207
930252 132965
604189 71988
770738 412351
850542 723951
229604 926214
905995 523264
900063 14138
121827 713862
15963 197991
316125 815062
388028 46137
823437 190582
755213 56509
377066 941669
546399 4890
123129 328097
853293 438075
159558 301483
247377 849667
75499 181128
282429 71200
316803 277424
328332 11437
988257 817300
812084 741298
909511 873213
641755 451159
895561 760924
926949 190574
680083 650639
741095 73606
736792 185717
293996 279983
995156 27261
426030 788471
474580 205575
261428 520688
415047 461744
542510 628834
691763 683688
58555 250215
364792 562586
276761 692721
652644 204990
993805 427773
516955 666065
69890 784826
387250 926614
396196 707053
879875 820895
573296 273175
348954 733750
454322 65150
641954 48971
376190 164273
183276 182964
682064 468157
127004 837057
939814 577786
290226 222133
512227 870205
355096 445385
737842 833646
771785 845507
701564 207917
961858 594941
664663 916401
311759 72117
408063 154536
45197 92087
700346 271271
925287 592574
323327 147431
509352 409306
816810 162384
268036 807310
375963 415699
590401 376752
449262 790367
823563 602121
628007 352901
533093 237389
908969 358225
627579 479165
837275 27247
111985 623517
757879 36994
476203 766295
171697 383111
401835 530725
422455 510124
867066 670027
581214 939164
827681 572220
686906 640859
678068 692740
951182 993846
829692 575403
657413 188818
894555 944008
15879 651916
658296 379324
333992 990758
144445 418377
92421 432851
262670 794305
768572 161892
841643 990347
385251 12780
242943 378979
416920 415562
853444 903483
319986 190562
760777 74523
42086 157610
700787 353985
24628 491132
590457 410084
957832 944248
587491 187686
841720 115257
991088 254260
71489 516220
184409 301814
568268 114438
840536 267076
787675 708851
118691 819715
64495 163978
471479 746058
602968 980763
254887 150199
726884 92665
785115 363986
43459 79412
159421 398686
898940 494372
767540 898959
76440 470097
746054 504752
102029 50709
52172 296872
549330 288775
52109 778866
659431 503309
767460 195914
245820 278898
630434 581194
320649 284311
368057 558305
329665 94886
250020 580664
851169 56425
345787 593465
517771 154804
287739 652669
908249 985887
573739 249684
100724 872375
889515 74315
203024 838937
108685 633841
1978 704403
76237 339999
726803 193529
188992 524384
964190 630853
483630 760994
222117 640752
878544 144761
269879 33111
972620 566661
441052 59648
570618 175441
756817 816535
607372 40444
374603 975608
366691 283288
70252 615769
695234 39002
682251 957323
540463 672026
229870 491195
944571 731342
501372 311858
837535 477876
872415 137714
344815 127486
842435 864161
247467 187041
292010 811258
699034 260203
526456 418885
585986 972211
106437 877670
827953 790200
583666 714592
4227 468829
945828 806263
967059 854349
594577 670708
34065 510557
984264 328622
716467 393116
918405 615313
868060 251917
803745 750152
496854 739283
775265 937079
165884 158719
180016 207639
723219 349258
879456 663225
220386 580455
145628 824893
795389 137102
389744 744072
320946 379255
678083 970666
449358 781399
858886 491194
835640 872882
478139 759798
807129 153360
10963 859280
18001 984864
844297 729
70261 506911
68872 234727
440901 346427
845988 859832
67803 722831
875759 599130
136256 734652
396250 860257
864598 982126
107914 725558
312652 190832
168739 854470
148540 153278
466432 512144
683147 845691
892241 517341
562598 889035
804665 690719
776072 836723
974353 898033
949456 886787
262487 680767
272107 303481
438128 639461
480470 445297
899139 816376
32897 524826
91521 754509
710504 71488
423466 281907
672246 912134
430739 371970
523698 319567
81509 997124
146051 556444
44043 452275
966654 146517
623940 329923
461430 814595
135501 128266
875310 81004
68546 285414
2934 377083
16620 237887
190606 491516
155985 494373
246378 901039
647043 831522
110800 238619
891936 389277
692568 799808
499360 694263
134621 563173
600899 386584
821848 479906
858340 241586
288763 353257
904858 829423
841405 847726
713509 11340
717194 286141
761948 371620
684837 917947
620943 521570
852221 933991
355905 292133
460238 706905
930738 462229
319086 268223
2546 775643
661958 558077
155950 458836
397573 249157
965859 875295
711950 233429
109227 539285
483338 113102
454699 20846
436266 503882
921880 97834
529711 453396
636787 411642
938177 952398
604289 956400
164334 660871
557600 773199
937622 360384
722614 672204
946940 770428
497601 747678
337632 604490
611805 78554
57788 505208
338597 436379
840652 355259
266622 77074
577546 287154
667664 928070
732036 887554
538962 298271
274387 572376
604281 758903
919373 872145
92252 286943
851311 677290
684408 650397
738808 779369
605737 949699
732167 132928
973318 121629
704068 515242
17003 410594
714196 359990
685856 813783
162656 499665
425534 541561
792212 479090
208569 859395
494418 167574
391673 136152
272771 956205
298757 218629
689645 929305
610228 328224
679624 602465
925405 748832
497468 523658
699994 330660
928520 298511
313860 991344
299948 952674
371560 341555
567612 195276
966426 369883
389715 372211
470110 657889
981714 398626
733896 925162
619556 663572
678228 61487
934968 739508
597036 491749
927919 941523
38227 848916
466992 883107
361423 623025
910760 296138
616849 494122
21784 707477
578946 280273
725085 607872
833357 284204
843336 809888
336307 769005
242768 441351
956961 432112
421539 664094
453134 154534
1121 156730
257596 295674
603740 88396
219201 591431
263527 361491
148930 664406
334699 65651
125180 948190
618280 795455
410897 563060
563378 777708
47323 753641
816486 666492
656436 61560
135082 241108
874270 867975
539431 895335
565386 465876
837224 774806
205631 223739
784607 642047
489453 307883
665043 866327
789306 574744
906745 913260
96180 95746
739191 535683
632605 865291
6685 814905
357540 528179
799573 434103
802368 555453
180731 607341
266607 454367
959433 74662
744761 392633
647779 994453
540283 977271
404631 248084
865589 979770
494346 743489
985134 801624
110726 589223
74549 431178
456228 686615
456907 375423
912448 584722
149808 958089
12646 612547
735142 555304
426865 162463
124360 403520
721190 10093
403605 427641
55054 75545
301181 957450
832515 928585
761103 108409
575973 836868
897446 341732
338246 235315
539792 531995
274081 806228
653784 571244
454491 913397
794028 774709
90625 216528
29236 486533
352457 915898
260860 785223
490848 135257
253127 250032
708705 153872
887980 462756
938747 133659
662116 885040
939548 539287
987379 27155
221010 938813
710948 516083
991106 71148
19917 410652
695249 969219
558461 103965
201268 554642
779155 203586
47854 320513
523245 4430
280368 641898
714794 276169
309998 876745
236010 529002
17978 331795
708797 497805
189602 832737
651888 488647
558068 208579
139228 975026
602015 446343
131067 418634
184498 886800
934312 385314
449772 127587
88397 547234
706466 213038
974250 818377
100851 883440
663346 540529
787027 402988
975314 355583
451432 447587
472843 230973
838229 958888
220084 995040
426294 727713
884865 297997
613795 184008
854078 62750
38473 719808
971740 30305
241877 5976
384932 462464
855634 400088
973632 896504
688753 542779
902131 484741
147078 225358
561704 415743
665985 445792
580204 410379
478397 12759
680697 378035
478370 982832
127262 21095
895301 416822
865575 329589
949919 976466
42761 122965
232610 840547
567609 722257
731272 458926
531210 941710
307432 784341
278733 555747
370768 415586
419087 293163
424709 932571
848283 318432
128195 963285
856212 953753
396552 712237
47724 974864
275946 1375
183336 466316
888132 870720
328859 621898
869883 448061
952589 307773
515492 450471
957828 779193
533731 587063
465473 879403
999874 280776
336353 357378
151330 333716
91437 968051
243848 272012
419742 745481
2101 7212
828959 155293
210100 383581
264599 32695
359350 310109
676629 754082
354398 376321
394741 341441
53572 747184
101676 758783
914020 589407
325381 740452
687650 186011
706032 341061
440245 408145
365017 515602
61700 750023
52295 652295
70442 487222
206497 371474
189859 272837
18348 692184
868169 932748
80469 178859
916664 652912
588948 204208
995873 192804
688104 352273
541652 246119
124106 520641
750529 561249
417797 184881
716680 906694
507544 68415
70490 815746
114312 572101
8785 518456
601004 129589
626615 901546
426782 258639
341118 516104
276755 207134
544874 737278
291698 286279
671714 928711
770055 594430
383426 65824
757083 11456
510918 872330
457999 229991
286683 710231
429088 558229
896875 269510
281786 970459
485947 792476
861195 134491
537924 583039
203531 294615
483952 251741
876276 701354
356115 692206
530726 185215
903464 432496
313339 809056
609125 37177
253758 291861
41478 863909
511215 693702
118633 995974
674323 980927
850583 684088
680235 427436
917586 559513
636751 702949
664443 136983
946424 498151
806953 611392
818124 368639
9307 781322
256015 954034
162305 1031
94007 356031
59598 66048
785334 456253
222883 863422
363221 565664
116446 705262
913519 78427
536020 839581
806142 399305
748282 891409
831968 854188
537685 756382
392783 938367
291598 418222
386102 568037
20211 791705
362046 550050
841205 619675
298527 830774
349434 300359
888927 270521
297391 530754
492096 946348
178711 69161
489561 131078
299827 4798
261756 6558
494478 770158
393674 752738
902595 765355
675843 866898
739392 330380
888658 749288
440321 698143
433480 212285
229218 40858
7051 805668
240074 786180
873125 329478
473884 757107
837158 466528
595355 394813
595920 28348
804145 720189
301658 877426
623136 661368
410301 35131
482576 920062
304391 193871
290825 861029
780842 482864
248086 798339
98328 54954
513044 64227
844001 295142
866044 416975
696839 282055
313272 957876
333021 495197
486160 307702
272245 507703
353722 356038
140074 674652
561525 745905
664940 300602
721765 688589
705218 995443
619079 992053
147678 412428
704860 101923
369495 905273
397272 9364
864645 125640
84148 410236
196465 830554
700030 809343
133309 129979
219059 423592
807095 234210
593531 928014
257674 903721
15490 105225
305309 497606
974722 749286
317248 768742
663807 412319
164577 999894
824281 943278
571876 533633
64114 301591
895041 510885
868473 163742
282642 820212
739423 534863
773313 232105
226136 238722
881493 833426
596142 231082
110872 374600
954781 21733
20250 863607
971191 299023
585073 875884
955429 522690
783225 169718
155633 110571
166014 731619
473452 994269
671839 109655
406545 955329
883263 975058
817867 960906
941282 603278
467438 892210
580193 597094
755043 789227
867633 364190
761187 488850
976837 798902
226261 496696
511302 488888
513291 456886
572461 538528
268550 349999
83236 806198
377364 803129
834014 32746
230318 522182
838622 262381
288317 738027
858613 99319
507495 687274
756528 181523
170963 567504
169311 27156
56719 349576
181728 185719
650170 802348
483531 59729
624339 90937
746651 678643
212010 78641
397036 270171
295876 908934
146190 438114
379020 863099
598716 312949
447266 137222
387590 383150
160804 617808
917257 414399
386966 596886
601501 798552
658860 261717
450011 135806
870407 106807
667469 828003
413061 494796
535516 755994
254969 590231
769970 309549
335869 476999
739437 230193
484565 377894
673576 616233
33192 671500
229272 102301
894557 553531
778203 24485
683134 802540
821775 672301
79780 116510
181545 689490
232876 689090
886141 981811
719196 999974
45919 590490
171813 370701
677572 923928
493872 585319
363065 267895
286580 455176
931964 885897
17690 554613
430413 589966
417958 308294
203469 100086
146355 694942
481115 348087
25241 386956
339893 69142
906146 33336
224052 874990
588002 612562
253369 410472
926267 132236
190263 436361
876226 358261
699209 924478
821544 928236
46291 470255
400704 616367
371225 69615
540123 796859
369705 265840
87194 669856
742720 212178
337283 317623
494401 54000
465500 891947
170723 640968
49459 499823
535940 33080
236450 59586
123798 311218
869240 332319
524488 898601
319099 830114
651467 738010
714048 815046
109167 159680
156554 574253
300575 186535
72269 515748
309871 457718
546763 644904
825895 928753
384331 742628
231465 889975
870273 761072
977004 979014
610086 967383
740501 415461
338699 763265
542625 405945
388547 791894
598583 921086
157005 328009
396261 634842
189376 199248
647566 121836
172832 848434
82018 638954
60194 494461
599371 798778
198297 487278
752929 934902
51581 246115
235102 525922
639359 427646
813786 993465
785610 60832
394100 830936
984361 288466
214710 447858
751839 158525
118835 17657
627550 21802
960471 565865
740273 325463
456837 317269
550567 744315
693043 660593
816946 555573
233660 304370
310544 951966
206862 422963
609770 235132
249447 507010
479631 198743
11665 53107
793905 813665
102291 64210
154167 123134
594549 808931
549929 341845
942266 270923
728399 702131
830461 337361
702924 799889
115780 785004
521751 747406
327205 840159
826809 584689
533675 833810
898128 851875
927852 809345
517736 248971
836148 771074
30680 287906
229828 954336
314743 620323
120151 235638
241837 308535
646011 691358
330206 576735
693937 83036
730436 319474
596351 904997
558971 54297
686770 973338
471044 407264
525912 71414
669655 309798
455812 780725
301813 385800
335432 783097
453186 604753
442518 511785
465813 297922
143116 266130
550401 562089
246499 89942
915764 221469
362596 617447
649336 385672
757585 277741
511000 529983
307035 935259
972847 229015
128478 259408
602699 535804
923926 931922
214626 390548
274395 711283
5122 513609
7563 154844
811769 233074
935380 451317
478167 111994
191150 498325
323323 283139
489299 156896
667028 80540
934154 265598
434078 514391
462398 152398
409747 337916
581769 994615
521924 158287
803279 753123
562741 824626
679241 963578
636227 354589
38025 583487
286372 782378
244833 585747
398270 244660
138830 352862
578218 364795
287506 474022
296075 943088
179414 315516
830376 199630
402114 803835
998555 330208
158381 132573
389656 703629
151801 786125
854897 539257
973784 862033
179591 682425
88844 755140
397070 401534
100126 344873
45617 269327
227100 313920
490550 397155
22475 217312
199856 395359
853029 280532
502959 815723
667894 792829
954522 884162
129571 831345
355204 747791
27028 639690
202637 500614
617017 521935
686078 607130
605061 141186
817746 68476
588876 24191
919836 16346
278484 867799
743265 982735
140704 279791
374735 202684
333588 16603
784783 881707
167223 265865
281770 836918
715859 683525
615195 506763
580708 793860
908936 759578
197343 829894
193099 553698
672414 998623
547224 143030
954476 578971
763076 806787
134428 132616
42073 285048
400117 268501
460133 64681
207812 896971
519360 672074
817754 983380
779858 318498
345192 532481
283270 152493
898166 892451
463068 905069
470531 290795
965241 339801
338682 532972
818785 388967
